# Created by Octave 4.2.0, Tue Jan 24 23:19:39 2017 JST <tama@Tamanyan-Macbook-Pro-2016.local>
# name: v
# type: range
# base, limit, increment
1 10 1


